0.797378950996
0.0709990240767
0.409554376074
0.839612450866
0.847999541969
0.189875758184
0.106391680078
0.662959646199
0.768669523769
0.567186787517
0.866702416193
0.743638310281
0.0391752024946
0.412226565586
0.421113211814
0.325396614988
0.943258424858
0.357851356355
0.369019371724
0.459919638835
0.435215727766
0.531732153054
0.82320339164
0.00306996425092
0.163475590684
0.123305573504
0.234462813467
0.836065426598
0.762064708165
0.701426003133
0.616787266949
0.594288940152
0.770263328328
0.393605942286
0.432835469346
0.953738437312
0.27179491673
0.668241936411
0.702229621397
0.865261306699
0.871515181798
0.801789690592
0.448211505758
0.689890361305
0.522053158563
0.303058184902
0.737230779323
0.858012517249
0.370846053482
0.637142026004
0.812250180127
0.417138616689
0.768313638523
0.384175259968
0.481836238909
0.335673730328
0.259241901479
0.573172874839
0.63917199827
0.780949049149
0.208613758476
0.604749720694
0.593943332902
0.995746246855
0.0135391557418
0.203728692515
0.195320659227
0.576757088456
0.592220206551
0.619441385468
0.0692688795868
0.35111495539
0.961655860954
0.334752525671
0.294533610959
0.464410461495
0.57470257186
0.477851321407
0.185553458127
0.67241071195
0.228323724063
0.786746173828
0.00163641738315
0.811752480505
0.76715340753
0.632012521484
0.629687301864
0.40032872962
0.724441920459
0.972838855457
0.232410453159
0.981387405839
0.953905484828
0.151995419959
0.107434269851
0.9583344496
0.135317625033
0.356022994299
0.462538772022
0.786349031894
0.69620978898
0.852904978668
0.169774394147
0.512878728818
0.481993033028
0.254981317271
0.563153117053
0.359187190147
0.669918777401
0.618162816362
0.132503839415
0.649698512309
0.625775419115
0.218923967505
0.90642462074
0.511004564075
0.773597994238
0.773333530999
0.467581485451
0.600308463859
0.014703290266
0.628332064038
0.836519492638
0.621032909926
0.684279264684
0.540116352616
0.14202292903
0.539428664431
0.416718242843
0.333544601159
0.77599288319
0.344248433356
0.516463908613
0.0678507026474
0.917942921975
0.675314493211
0.685262899983
0.633335552497
0.570987830826
0.879983868579
0.620480683226
0.657506004269
0.876253606227
0.341994624213
0.647731749795
0.292944547913
