0.0336370410376
0.250748003931
0.0121070435289
0.82254165586
0.776679647497
0.791049454128
0.689761167609
0.205801391708
0.812830822892
0.100746489472
0.107686604076
0.213833005063
0.258719446562
0.245148241297
0.558393599335
0.0243560231096
0.288009811989
0.368740334526
0.701292337616
0.658768565611
0.819660813806
0.807304567868
0.968750529061
0.547094135071
0.243009317688
0.401203922434
0.965378664369
0.27442625938
0.790613983946
0.261192072224
0.455682639834
0.963245035516
0.238637015124
0.497112935526
0.819276538492
0.113282446515
0.867254123761
0.976424650964
0.873893706871
0.317063106556
0.791869474336
0.947421302781
0.641157432594
0.569103692509
0.621650571099
0.966309386022
0.293509773758
0.641657813623
0.475709549918
0.463428814431
0.19753736708
0.112238777494
0.704758615513
0.652875913514
0.551686708893
0.494614401883
0.633549436297
0.630424091745
0.293654537682
0.417043076923
0.725609802528
0.621236226457
0.232972355018
0.961238193421
0.298144963795
0.699055321183
0.316616923896
0.275300242957
0.0956111897164
0.322749607324
0.993087890707
0.321038666724
0.0467911307069
0.382131789516
0.632352777792
0.0165347170907
0.901826625172
0.426022050075
0.400678252624
0.0837948297246
0.453882193772
0.55582246232
0.113756586159
0.651340444257
0.308050177125
0.439271311463
0.736756066235
0.848183527374
0.623170947407
0.561352861324
0.2846888705
0.352700188296
0.697570929436
0.861120271496
0.687115458307
0.508393116414
0.780387478209
0.363990872814
0.208043953836
0.962709594801
0.230115748295
0.558094495321
0.677358975885
0.361777889223
0.565665974014
0.977589557817
0.0749910491115
0.114908677755
0.655117039636
0.130931184264
0.765333841538
0.647604104107
0.898256332102
0.497742000096
0.912554364782
0.403185943595
0.0564107725621
0.448545471264
0.0495849119312
0.612533085165
0.364481264065
0.414075200297
0.825193803028
0.174727949689
0.784127357627
0.218875848437
0.51179496849
0.937598371414
0.93164534499
0.373671468335
0.0760540183996
0.770682465285
0.117630266266
0.906874766278
0.205283368713
0.073522563176
0.549220544734
0.620974806563
0.717171818301
0.0520250120036
0.010549588319
0.30589723705
0.893758387102
0.624084543178
0.999824308657
0.37370051254
